              precision    recall  f1-score   support

           0     0.9959    0.9888    0.9923       980
           1     0.9938    0.9921    0.9929      1135
           2     0.9349    0.9738    0.9540      1032
           3     0.9493    0.9446    0.9469      1010
           4     0.9947    0.9623    0.9783       982
           5     0.9501    0.9170    0.9333       892
           6     0.9753    0.9885    0.9819       958
           7     0.9749    0.9815    0.9782      1028
           8     0.9824    0.9754    0.9789       974
           9     0.9641    0.9841    0.9740      1009

    accuracy                         0.9716     10000
   macro avg     0.9715    0.9708    0.9711     10000
weighted avg     0.9718    0.9716    0.9716     10000
